Enc=4000=>10.00div/mm=4000.00/((200*4)/2.00)
2400rpm=>40rps=>6.25us
Feeds:
# mm Div(calc) Div(used)
0 0.03 333.33 333
1 0.06 166.67 166
2 0.09 111.11 111
3 0.12 83.33 83
4 0.15 66.67 66
5 0.18 55.56 55
6 0.21 47.62 47

Threads mm:
# mm Div
0 0.25 40.0000 40.0
1 0.30 33.3333 33.3333
2 0.35 28.5714 28.5714
3 0.40 25.0000 25.0
4 0.50 20.0000 20.0
5 0.60 16.6667 16.6666
6 0.70 14.2857 14.2857
7 0.75 13.3333 13.3333
8 0.80 12.5000 12.5000
9 1.00 10.0000 10.0
10 1.25 8.0000 8.0
11 1.50 6.6667 6.6666
12 1.75 5.7143 5.7142
13 2.00 5.0000 5.0
14 2.50 4.0000 4.0
15 3.00 3.3333 3.3333
16 4.00 2.5000 2.5000
17 5.00 2.0000 2.0
18 6.00 1.6667 1.6666

Threads tpi:
# tpi Div
0 80 31.4961 31.4960
1 72 28.3465 28.3464
2 64 25.1968 25.1968
3 60 23.6220 23.6220
4 56 22.0472 22.472
5 48 18.8976 18.8976
6 44 17.3228 17.3228
7 40 15.7480 15.7480
8 36 14.1732 14.1732
9 32 12.5984 12.5984
10 28 11.0236 11.236
11 27 10.6299 10.6299
12 26 10.2362 10.2362
13 24 9.4488 9.4488
14 22 8.6614 8.6614
15 20 7.8740 7.8740
16 19 7.4803 7.4803
17 18 7.0866 7.866
18 16 6.2992 6.2992
19 14 5.5118 5.5118
20 12 4.7244 4.7244
21 10 3.9370 3.9370
22 9 3.5433 3.5433
23 8 3.1496 3.1496
24 7 2.7559 2.7559
25 6 2.3622 2.3622
26 5 1.9685 1.9685
27 4 1.5748 1.5748

